====================================================================================================
Block-Level Process Compare tau=3 msg_bytes=8
====================================================================================================

----------------------------------------------------------------------------------------------------
BLOCK_VECTOR 0000 case=all_zero pass=True
----------------------------------------------------------------------------------------------------
msg              = 0000000000000000
msg_to_label     = 0 0 0 0 0 0 0 0 0 0 0 0 0 0 0 0 0 0 0 0 0 0 0 0 0 0 0 0 0 0 0 0
enc_q            = 000 000 000 000 000 000 000 000 000 000 000 000 000 000 000 000 000 000 000 000 000 000 000 000 000 000 000 000 000 000 000 000
noise            = -9 -7 -8 +20 +29 +10 +26 +13 +25 -6 -19 -8 -12 -13 +10 -29 -17 -7 +2 +30 +9 +14 +29 +7 +29 +3 -9 +11 +21 +31 -31 +23
noisy_q          = ff7 ff9 ff8 014 01d 00a 01a 00d 019 ffa fed ff8 ff4 ff3 00a fe3 fef ff9 002 01e 009 00e 01d 007 01d 003 ff7 00b 015 01f fe1 017
BDD rounded_q    = 000 000 000 000 000 000 000 000 000 000 000 000 000 000 000 000 000 000 000 000 000 000 000 000 000 000 000 000 000 000 000 000
q_to_label/phi^-1= 0 0 0 0 0 0 0 0 0 0 0 0 0 0 0 0 0 0 0 0 0 0 0 0 0 0 0 0 0 0 0 0
msg_out          = 0000000000000000

----------------------------------------------------------------------------------------------------
BLOCK_VECTOR 0001 case=all_one pass=True
----------------------------------------------------------------------------------------------------
msg              = ffffffffffffffff
msg_to_label     = 7 7 7 3 7 3 3 3 7 3 3 3 3 3 3 1 7 3 3 3 3 3 3 1 3 3 3 1 3 1 1 1
enc_q            = e00 e00 600 200 600 200 200 200 600 200 200 200 200 200 200 600 600 200 200 200 200 200 200 600 200 200 200 600 200 600 e00 e00
noise            = -14 +16 +16 +15 -8 +30 -5 +23 -15 +30 +26 -23 -4 -15 -18 +24 +28 -1 +7 -12 +23 -14 -22 -15 +1 -22 -10 -23 +7 +2 -8 +5
noisy_q          = df2 e10 610 20f 5f8 21e 1fb 217 5f1 21e 21a 1e9 1fc 1f1 1ee 618 61c 1ff 207 1f4 217 1f2 1ea 5f1 201 1ea 1f6 5e9 207 602 df8 e05
BDD rounded_q    = e00 e00 600 200 600 200 200 200 600 200 200 200 200 200 200 600 600 200 200 200 200 200 200 600 200 200 200 600 200 600 e00 e00
q_to_label/phi^-1= 7 7 7 3 7 3 3 3 7 3 3 3 3 3 3 1 7 3 3 3 3 3 3 1 3 3 3 1 3 1 1 1
msg_out          = ffffffffffffffff

----------------------------------------------------------------------------------------------------
BLOCK_VECTOR 0002 case=repeat_aa pass=True
----------------------------------------------------------------------------------------------------
msg              = aaaaaaaaaaaaaaaa
msg_to_label     = 2 5 2 2 5 2 2 2 2 2 2 2 2 2 2 0 5 2 2 2 2 2 2 1 2 2 2 0 2 1 0 1
enc_q            = 400 a00 400 200 a00 800 200 800 400 200 c00 200 200 800 a00 800 a00 800 200 800 800 e00 c00 a00 200 800 a00 800 c00 a00 800 600
noise            = +8 +10 +5 -24 -15 -11 +18 -21 +25 +22 +20 +1 -14 -9 -22 +14 -10 -20 -7 -24 -8 +8 -4 +17 +2 +28 +29 +19 -17 -27 +21 -13
noisy_q          = 408 a0a 405 1e8 9f1 7f5 212 7eb 419 216 c14 201 1f2 7f7 9ea 80e 9f6 7ec 1f9 7e8 7f8 e08 bfc a11 202 81c a1d 813 bef 9e5 815 5f3
BDD rounded_q    = 400 a00 400 200 a00 800 200 800 400 200 c00 200 200 800 a00 800 a00 800 200 800 800 e00 c00 a00 200 800 a00 800 c00 a00 800 600
q_to_label/phi^-1= 2 5 2 2 5 2 2 2 2 2 2 2 2 2 2 0 5 2 2 2 2 2 2 1 2 2 2 0 2 1 0 1
msg_out          = aaaaaaaaaaaaaaaa

----------------------------------------------------------------------------------------------------
BLOCK_VECTOR 0003 case=repeat_55 pass=True
----------------------------------------------------------------------------------------------------
msg              = 5555555555555555
msg_to_label     = 5 2 5 1 2 1 1 1 5 1 1 1 1 1 1 1 2 1 1 1 1 1 1 0 1 1 1 1 1 0 1 0
enc_q            = a00 400 200 000 c00 a00 000 a00 200 000 600 000 000 a00 800 e00 c00 a00 000 a00 a00 400 600 c00 000 a00 800 e00 600 c00 600 800
noise            = -16 -27 +15 -10 +14 -8 -7 +26 +31 -28 +9 +11 +3 -3 +9 -14 +7 +8 -24 -24 -11 -11 +4 +4 +16 +4 +19 -1 +8 -2 +31 +2
noisy_q          = 9f0 3e5 20f ff6 c0e 9f8 ff9 a1a 21f fe4 609 00b 003 9fd 809 df2 c07 a08 fe8 9e8 9f5 3f5 604 c04 010 a04 813 dff 608 bfe 61f 802
BDD rounded_q    = a00 400 200 000 c00 a00 000 a00 200 000 600 000 000 a00 800 e00 c00 a00 000 a00 a00 400 600 c00 000 a00 800 e00 600 c00 600 800
q_to_label/phi^-1= 5 2 5 1 2 1 1 1 5 1 1 1 1 1 1 1 2 1 1 1 1 1 1 0 1 1 1 1 1 0 1 0
msg_out          = 5555555555555555

----------------------------------------------------------------------------------------------------
BLOCK_VECTOR 0004 case=repeat_33 pass=True
----------------------------------------------------------------------------------------------------
msg              = 3333333333333333
msg_to_label     = 3 6 4 0 1 3 0 3 3 0 3 0 3 0 3 0 6 0 3 0 3 0 3 0 0 3 0 1 3 1 0 0
enc_q            = 600 c00 e00 400 200 400 e00 c00 c00 200 400 600 800 600 800 600 200 800 a00 c00 e00 c00 e00 c00 c00 e00 000 a00 800 600 800 a00
noise            = +8 +31 +20 -15 -2 +4 -5 -30 +7 -21 +15 +10 -21 -18 +15 +2 -31 +12 -26 -17 +7 +18 -28 +18 +14 +25 +20 -19 -27 +21 +30 -23
noisy_q          = 608 c1f e14 3f1 1fe 404 dfb be2 c07 1eb 40f 60a 7eb 5ee 80f 602 1e1 80c 9e6 bef e07 c12 de4 c12 c0e e19 014 9ed 7e5 615 81e 9e9
BDD rounded_q    = 600 c00 e00 400 200 400 e00 c00 c00 200 400 600 800 600 800 600 200 800 a00 c00 e00 c00 e00 c00 c00 e00 000 a00 800 600 800 a00
q_to_label/phi^-1= 3 6 4 0 1 3 0 3 3 0 3 0 3 0 3 0 6 0 3 0 3 0 3 0 0 3 0 1 3 1 0 0
msg_out          = 3333333333333333

----------------------------------------------------------------------------------------------------
BLOCK_VECTOR 0005 case=repeat_cc pass=True
----------------------------------------------------------------------------------------------------
msg              = cccccccccccccccc
msg_to_label     = 4 1 3 3 6 0 3 0 4 3 0 3 0 3 0 1 1 3 0 3 0 3 0 1 3 0 3 0 0 0 1 1
enc_q            = 800 200 800 e00 400 e00 400 600 a00 000 e00 c00 a00 c00 a00 000 400 a00 800 600 400 600 400 a00 600 400 200 c00 a00 000 600 400
noise            = -21 -27 +27 -16 -26 +10 -22 +17 -27 +4 -4 +21 +5 -27 -25 +6 +31 +0 -2 -3 +27 +27 -10 -23 +14 -12 +26 +5 +21 -6 -19 +19
noisy_q          = 7eb 1e5 81b df0 3e6 e0a 3ea 611 9e5 004 dfc c15 a05 be5 9e7 006 41f a00 7fe 5fd 41b 61b 3f6 9e9 60e 3f4 21a c05 a15 ffa 5ed 413
BDD rounded_q    = 800 200 800 e00 400 e00 400 600 a00 000 e00 c00 a00 c00 a00 000 400 a00 800 600 400 600 400 a00 600 400 200 c00 a00 000 600 400
q_to_label/phi^-1= 4 1 3 3 6 0 3 0 4 3 0 3 0 3 0 1 1 3 0 3 0 3 0 1 3 0 3 0 0 0 1 1
msg_out          = cccccccccccccccc

----------------------------------------------------------------------------------------------------
BLOCK_VECTOR 0006 case=repeat_0f pass=True
----------------------------------------------------------------------------------------------------
msg              = 0f0f0f0f0f0f0f0f
msg_to_label     = 7 1 4 3 7 0 0 3 0 3 0 0 3 3 0 1 6 0 3 3 0 0 3 1 3 0 0 0 3 0 0 0
enc_q            = e00 200 000 000 c00 000 200 e00 800 800 a00 600 a00 200 c00 c00 a00 e00 000 800 800 c00 200 e00 400 000 a00 a00 a00 600 000 400
noise            = +4 -11 -27 +13 +0 -26 -15 -16 -5 -19 -21 +11 +22 -29 +3 -12 -17 -3 -6 +10 +3 -13 -20 +5 +31 +18 -2 -17 -16 +15 +2 +5
noisy_q          = e04 1f5 fe5 00d c00 fe6 1f1 df0 7fb 7ed 9eb 60b a16 1e3 c03 bf4 9ef dfd ffa 80a 803 bf3 1ec e05 41f 012 9fe 9ef 9f0 60f 002 405
BDD rounded_q    = e00 200 000 000 c00 000 200 e00 800 800 a00 600 a00 200 c00 c00 a00 e00 000 800 800 c00 200 e00 400 000 a00 a00 a00 600 000 400
q_to_label/phi^-1= 7 1 4 3 7 0 0 3 0 3 0 0 3 3 0 1 6 0 3 3 0 0 3 1 3 0 0 0 3 0 0 0
msg_out          = 0f0f0f0f0f0f0f0f

----------------------------------------------------------------------------------------------------
BLOCK_VECTOR 0007 case=repeat_f0 pass=True
----------------------------------------------------------------------------------------------------
msg              = f0f0f0f0f0f0f0f0
msg_to_label     = 0 6 3 0 0 3 3 0 7 0 3 3 0 0 3 0 1 3 0 0 3 3 0 0 0 3 3 1 0 1 1 1
enc_q            = 000 c00 600 200 a00 200 000 400 e00 a00 800 c00 800 000 600 a00 c00 400 200 a00 a00 600 000 800 e00 200 800 c00 800 000 e00 a00
noise            = -5 -22 +19 -19 -29 -9 -18 +26 -11 +21 +14 +19 +18 -8 +5 -4 -11 +8 -13 -2 +0 -3 -22 -8 +8 -10 +24 -23 -19 -25 -7 +1
noisy_q          = ffb bea 613 1ed 9e3 1f7 fee 41a df5 a15 80e c13 812 ff8 605 9fc bf5 408 1f3 9fe a00 5fd fea 7f8 e08 1f6 818 be9 7ed fe7 df9 a01
BDD rounded_q    = 000 c00 600 200 a00 200 000 400 e00 a00 800 c00 800 000 600 a00 c00 400 200 a00 a00 600 000 800 e00 200 800 c00 800 000 e00 a00
q_to_label/phi^-1= 0 6 3 0 0 3 3 0 7 0 3 3 0 0 3 0 1 3 0 0 3 3 0 0 0 3 3 1 0 1 1 1
msg_out          = f0f0f0f0f0f0f0f0

----------------------------------------------------------------------------------------------------
BLOCK_VECTOR 0008 case=ascending_bytes pass=True
----------------------------------------------------------------------------------------------------
msg              = 0001020304050607
msg_to_label     = 0 0 4 0 0 0 0 3 0 0 0 0 0 1 0 1 4 0 1 1 0 0 2 0 1 0 0 0 3 0 0 0
enc_q            = 000 000 800 800 000 000 c00 800 000 000 800 800 c00 000 400 400 800 800 c00 400 800 800 800 c00 800 c00 c00 800 800 800 400 800
noise            = +12 -21 +23 +2 +11 -2 -6 +31 -4 +14 -5 -4 +17 +31 +18 -24 +1 -25 -15 +19 +21 -27 -19 +20 -18 -20 -18 -24 -9 -18 +23 -24
noisy_q          = 00c feb 817 802 00b ffe bfa 81f ffc 00e 7fb 7fc c11 01f 412 3e8 801 7e7 bf1 413 815 7e5 7ed c14 7ee bec bee 7e8 7f7 7ee 417 7e8
BDD rounded_q    = 000 000 800 800 000 000 c00 800 000 000 800 800 c00 000 400 400 800 800 c00 400 800 800 800 c00 800 c00 c00 800 800 800 400 800
q_to_label/phi^-1= 0 0 4 0 0 0 0 3 0 0 0 0 0 1 0 1 4 0 1 1 0 0 2 0 1 0 0 0 3 0 0 0
msg_out          = 0001020304050607

----------------------------------------------------------------------------------------------------
BLOCK_VECTOR 0009 case=descending_bytes pass=True
----------------------------------------------------------------------------------------------------
msg              = fffefdfcfbfaf9f8
msg_to_label     = 7 7 3 3 7 3 3 0 7 3 3 3 3 2 3 0 3 3 2 2 3 3 1 1 2 3 3 1 0 1 1 1
enc_q            = e00 e00 e00 a00 600 200 600 a00 600 200 a00 a00 600 200 e00 200 e00 a00 600 e00 a00 a00 a00 a00 a00 600 600 e00 a00 e00 a00 600
noise            = +27 +10 +19 +14 -12 -27 -16 -28 +15 +11 +23 +12 -13 +30 -27 -17 +28 -7 +29 +13 -9 -19 -18 -27 -1 -10 -21 +28 +23 +9 -11 -23
noisy_q          = e1b e0a e13 a0e 5f4 1e5 5f0 9e4 60f 20b a17 a0c 5f3 21e de5 1ef e1c 9f9 61d e0d 9f7 9ed 9ee 9e5 9ff 5f6 5eb e1c a17 e09 9f5 5e9
BDD rounded_q    = e00 e00 e00 a00 600 200 600 a00 600 200 a00 a00 600 200 e00 200 e00 a00 600 e00 a00 a00 a00 a00 a00 600 600 e00 a00 e00 a00 600
q_to_label/phi^-1= 7 7 3 3 7 3 3 0 7 3 3 3 3 2 3 0 3 3 2 2 3 3 1 1 2 3 3 1 0 1 1 1
msg_out          = fffefdfcfbfaf9f8

----------------------------------------------------------------------------------------------------
BLOCK_VECTOR 0010 case=odd_stride_bytes pass=True
----------------------------------------------------------------------------------------------------
msg              = 13385d82a7ccf116
msg_to_label     = 3 2 0 3 4 1 1 2 3 0 0 2 3 1 2 1 2 2 0 3 0 3 1 0 0 3 3 1 2 0 0 0
enc_q            = 600 400 000 a00 c00 e00 e00 800 c00 a00 e00 000 e00 000 c00 e00 600 c00 400 200 000 600 200 400 000 200 600 000 e00 000 c00 a00
noise            = +26 -31 +19 -2 -14 -19 +10 +22 +17 +14 -29 -13 +28 -19 +22 +9 +30 -4 +8 +14 -19 +1 -20 -31 +23 -30 -14 +23 -10 -6 +13 +25
noisy_q          = 61a 3e1 013 9fe bf2 ded e0a 816 c11 a0e de3 ff3 e1c fed c16 e09 61e bfc 408 20e fed 601 1ec 3e1 017 1e2 5f2 017 df6 ffa c0d a19
BDD rounded_q    = 600 400 000 a00 c00 e00 e00 800 c00 a00 e00 000 e00 000 c00 e00 600 c00 400 200 000 600 200 400 000 200 600 000 e00 000 c00 a00
q_to_label/phi^-1= 3 2 0 3 4 1 1 2 3 0 0 2 3 1 2 1 2 2 0 3 0 3 1 0 0 3 3 1 2 0 0 0
msg_out          = 13385d82a7ccf116

----------------------------------------------------------------------------------------------------
BLOCK_VECTOR 0011 case=magic_prefix pass=True
----------------------------------------------------------------------------------------------------
msg              = 0123456789abcdef
msg_to_label     = 1 0 4 1 1 0 1 3 2 1 2 1 1 2 0 1 2 2 3 2 2 2 1 1 3 0 3 0 3 1 1 1
enc_q            = 200 000 800 a00 400 200 e00 000 400 600 600 800 e00 c00 000 e00 200 800 000 e00 c00 200 600 c00 400 a00 200 400 600 000 400 200
noise            = -20 -9 +28 +7 -2 -26 +24 -23 -18 +17 -21 -22 +1 -26 +29 -30 +21 +29 +17 +7 -3 +20 -6 -21 -2 +27 -27 +31 -24 -16 -13 -19
noisy_q          = 1ec ff7 81c a07 3fe 1e6 e18 fe9 3ee 611 5eb 7ea e01 be6 01d de2 215 81d 011 e07 bfd 214 5fa beb 3fe a1b 1e5 41f 5e8 ff0 3f3 1ed
BDD rounded_q    = 200 000 800 a00 400 200 e00 000 400 600 600 800 e00 c00 000 e00 200 800 000 e00 c00 200 600 c00 400 a00 200 400 600 000 400 200
q_to_label/phi^-1= 1 0 4 1 1 0 1 3 2 1 2 1 1 2 0 1 2 2 3 2 2 2 1 1 3 0 3 0 3 1 1 1
msg_out          = 0123456789abcdef

----------------------------------------------------------------------------------------------------
BLOCK_VECTOR 0012 case=magic_suffix pass=True
----------------------------------------------------------------------------------------------------
msg              = 5a5aa5a53cc3c33c
msg_to_label     = 2 3 1 1 5 2 2 1 5 1 2 2 0 3 3 1 2 0 3 0 0 3 3 1 0 0 3 1 0 1 0 0
enc_q            = 400 600 400 a00 a00 400 600 000 c00 200 400 e00 600 000 a00 c00 800 a00 800 a00 200 800 e00 800 000 600 800 600 a00 000 e00 800
noise            = +11 -22 -1 +30 -9 -20 -10 -4 -14 -31 +27 +6 +25 +16 +3 -15 -4 -22 +27 +30 +5 +6 -28 -11 +26 +7 +31 -2 +25 -30 -22 +1
noisy_q          = 40b 5ea 3ff a1e 9f7 3ec 5f6 ffc bf2 1e1 41b e06 619 010 a03 bf1 7fc 9ea 81b a1e 205 806 de4 7f5 01a 607 81f 5fe a19 fe2 dea 801
BDD rounded_q    = 400 600 400 a00 a00 400 600 000 c00 200 400 e00 600 000 a00 c00 800 a00 800 a00 200 800 e00 800 000 600 800 600 a00 000 e00 800
q_to_label/phi^-1= 2 3 1 1 5 2 2 1 5 1 2 2 0 3 3 1 2 0 3 0 0 3 3 1 0 0 3 1 0 1 0 0
msg_out          = 5a5aa5a53cc3c33c

----------------------------------------------------------------------------------------------------
BLOCK_VECTOR 0013 case=low_half_one pass=True
----------------------------------------------------------------------------------------------------
msg              = 00000000ffffffff
msg_to_label     = 0 0 0 0 0 0 0 0 0 0 0 0 3 3 3 1 0 3 3 3 3 3 3 1 3 3 3 1 3 1 1 1
enc_q            = 000 000 000 000 000 000 000 000 000 000 000 000 400 c00 400 400 a00 600 e00 200 e00 200 200 600 e00 200 200 600 600 200 200 e00
noise            = +19 +25 -22 -16 +15 -29 +14 -13 -2 -31 -30 -11 -12 +8 -15 +7 +13 -5 +3 -20 +9 +11 -15 -6 +17 +15 -9 -14 -20 +7 +3 +7
noisy_q          = 013 019 fea ff0 00f fe3 00e ff3 ffe fe1 fe2 ff5 3f4 c08 3f1 407 a0d 5fb e03 1ec e09 20b 1f1 5fa e11 20f 1f7 5f2 5ec 207 203 e07
BDD rounded_q    = 000 000 000 000 000 000 000 000 000 000 000 000 400 c00 400 400 a00 600 e00 200 e00 200 200 600 e00 200 200 600 600 200 200 e00
q_to_label/phi^-1= 0 0 0 0 0 0 0 0 0 0 0 0 3 3 3 1 0 3 3 3 3 3 3 1 3 3 3 1 3 1 1 1
msg_out          = 00000000ffffffff

----------------------------------------------------------------------------------------------------
BLOCK_VECTOR 0014 case=high_half_one pass=True
----------------------------------------------------------------------------------------------------
msg              = ffffffff00000000
msg_to_label     = 7 7 7 3 7 3 3 3 7 3 3 3 0 0 0 0 7 0 0 0 0 0 0 0 0 0 0 0 0 0 0 0
enc_q            = e00 e00 600 200 600 200 200 200 600 200 200 200 e00 600 e00 200 c00 c00 400 000 400 000 000 000 400 000 000 000 c00 400 c00 000
noise            = +23 -24 -26 -7 -18 -29 -1 -21 -19 +16 +30 +19 -18 -14 -17 -15 -30 +23 +3 -25 +6 +2 -24 -28 -29 -12 -16 +30 -10 -11 +10 +28
noisy_q          = e17 de8 5e6 1f9 5ee 1e3 1ff 1eb 5ed 210 21e 213 dee 5f2 def 1f1 be2 c17 403 fe7 406 002 fe8 fe4 3e3 ff4 ff0 01e bf6 3f5 c0a 01c
BDD rounded_q    = e00 e00 600 200 600 200 200 200 600 200 200 200 e00 600 e00 200 c00 c00 400 000 400 000 000 000 400 000 000 000 c00 400 c00 000
q_to_label/phi^-1= 7 7 7 3 7 3 3 3 7 3 3 3 0 0 0 0 7 0 0 0 0 0 0 0 0 0 0 0 0 0 0 0
msg_out          = ffffffff00000000

----------------------------------------------------------------------------------------------------
BLOCK_VECTOR 0015 case=byte_00_ff pass=True
----------------------------------------------------------------------------------------------------
msg              = ff00000000000000
msg_to_label     = 7 7 3 0 0 0 0 0 0 0 0 0 0 0 0 0 0 0 0 0 0 0 0 0 0 0 0 0 0 0 0 0
enc_q            = e00 e00 400 400 e00 e00 400 400 e00 e00 400 400 e00 e00 400 400 e00 e00 400 400 e00 e00 400 400 e00 e00 400 400 e00 e00 400 400
noise            = +3 -25 -18 +23 -22 +24 +21 +18 +12 +22 +15 -14 -2 +28 -28 +8 -8 +5 +7 +21 +3 -10 +22 +10 -24 -6 -2 +26 -9 -29 +13 +7
noisy_q          = e03 de7 3ee 417 dea e18 415 412 e0c e16 40f 3f2 dfe e1c 3e4 408 df8 e05 407 415 e03 df6 416 40a de8 dfa 3fe 41a df7 de3 40d 407
BDD rounded_q    = e00 e00 400 400 e00 e00 400 400 e00 e00 400 400 e00 e00 400 400 e00 e00 400 400 e00 e00 400 400 e00 e00 400 400 e00 e00 400 400
q_to_label/phi^-1= 7 7 3 0 0 0 0 0 0 0 0 0 0 0 0 0 0 0 0 0 0 0 0 0 0 0 0 0 0 0 0 0
msg_out          = ff00000000000000

----------------------------------------------------------------------------------------------------
BLOCK_VECTOR 0016 case=byte_01_ff pass=True
----------------------------------------------------------------------------------------------------
msg              = 00ff000000000000
msg_to_label     = 0 0 4 0 7 0 0 0 7 0 0 0 0 0 0 0 1 0 0 0 0 0 0 0 0 0 0 0 0 0 0 0
enc_q            = 000 000 800 800 e00 e00 600 600 e00 e00 600 600 c00 c00 400 400 200 200 a00 a00 000 000 800 800 000 000 800 800 e00 e00 600 600
noise            = -3 +8 -29 -17 -16 +25 -28 +20 +18 -7 -12 +4 +1 +13 +6 +11 +27 +14 +2 +27 +26 -16 -7 -4 +21 -25 +1 +1 +11 -11 -1 +13
noisy_q          = ffd 008 7e3 7ef df0 e19 5e4 614 e12 df9 5f4 604 c01 c0d 406 40b 21b 20e a02 a1b 01a ff0 7f9 7fc 015 fe7 801 801 e0b df5 5ff 60d
BDD rounded_q    = 000 000 800 800 e00 e00 600 600 e00 e00 600 600 c00 c00 400 400 200 200 a00 a00 000 000 800 800 000 000 800 800 e00 e00 600 600
q_to_label/phi^-1= 0 0 4 0 7 0 0 0 7 0 0 0 0 0 0 0 1 0 0 0 0 0 0 0 0 0 0 0 0 0 0 0
msg_out          = 00ff000000000000

----------------------------------------------------------------------------------------------------
BLOCK_VECTOR 0017 case=byte_02_ff pass=True
----------------------------------------------------------------------------------------------------
msg              = 0000ff0000000000
msg_to_label     = 0 0 0 3 0 3 3 0 0 0 0 0 0 0 0 0 6 0 0 0 0 0 0 0 0 0 0 0 0 0 0 0
enc_q            = 000 000 a00 600 a00 600 400 800 000 000 a00 600 a00 600 400 800 c00 c00 600 200 600 200 000 400 c00 c00 600 200 600 200 000 400
noise            = -30 +18 +14 +23 +5 -16 -3 +31 +0 -17 +18 +19 -29 +5 -2 +7 -4 -25 -2 +25 -29 -22 +27 +9 -1 -24 -25 -15 +24 -29 -30 -22
noisy_q          = fe2 012 a0e 617 a05 5f0 3fd 81f 000 fef a12 613 9e3 605 3fe 807 bfc be7 5fe 219 5e3 1ea 01b 409 bff be8 5e7 1f1 618 1e3 fe2 3ea
BDD rounded_q    = 000 000 a00 600 a00 600 400 800 000 000 a00 600 a00 600 400 800 c00 c00 600 200 600 200 000 400 c00 c00 600 200 600 200 000 400
q_to_label/phi^-1= 0 0 0 3 0 3 3 0 0 0 0 0 0 0 0 0 6 0 0 0 0 0 0 0 0 0 0 0 0 0 0 0
msg_out          = 0000ff0000000000

----------------------------------------------------------------------------------------------------
BLOCK_VECTOR 0018 case=byte_03_ff pass=True
----------------------------------------------------------------------------------------------------
msg              = 000000ff00000000
msg_to_label     = 0 0 0 0 0 0 0 3 0 3 3 3 0 0 0 0 0 0 0 0 0 0 0 0 0 0 0 0 0 0 0 0
enc_q            = 000 000 000 000 000 000 400 000 a00 600 e00 200 a00 600 200 200 000 000 000 000 000 000 400 000 a00 600 e00 200 a00 600 200 200
noise            = -30 +7 +15 +5 +27 -7 -14 -17 +7 -1 +23 +29 +8 -11 +10 +4 -8 -20 +14 +16 +31 -25 -19 -25 -24 +26 -31 -30 +14 +29 +8 -14
noisy_q          = fe2 007 00f 005 01b ff9 3f2 fef a07 5ff e17 21d a08 5f5 20a 204 ff8 fec 00e 010 01f fe7 3ed fe7 9e8 61a de1 1e2 a0e 61d 208 1f2
BDD rounded_q    = 000 000 000 000 000 000 400 000 a00 600 e00 200 a00 600 200 200 000 000 000 000 000 000 400 000 a00 600 e00 200 a00 600 200 200
q_to_label/phi^-1= 0 0 0 0 0 0 0 3 0 3 3 3 0 0 0 0 0 0 0 0 0 0 0 0 0 0 0 0 0 0 0 0
msg_out          = 000000ff00000000

----------------------------------------------------------------------------------------------------
BLOCK_VECTOR 0019 case=byte_04_ff pass=True
----------------------------------------------------------------------------------------------------
msg              = 00000000ff000000
msg_to_label     = 0 0 0 0 0 0 0 0 0 0 0 0 3 3 3 0 0 3 0 0 0 0 0 0 0 0 0 0 0 0 0 0
enc_q            = 000 000 000 000 000 000 000 000 000 000 000 000 400 c00 800 800 a00 600 a00 600 a00 600 a00 600 a00 600 a00 600 e00 200 200 e00
noise            = +17 -22 +29 +17 -6 +15 -28 +9 -28 +15 -10 -13 -31 +6 -11 +5 -26 -7 +16 +29 +19 +1 -29 +16 -30 +5 +15 +30 +24 -10 +31 +11
noisy_q          = 011 fea 01d 011 ffa 00f fe4 009 fe4 00f ff6 ff3 3e1 c06 7f5 805 9e6 5f9 a10 61d a13 601 9e3 610 9e2 605 a0f 61e e18 1f6 21f e0b
BDD rounded_q    = 000 000 000 000 000 000 000 000 000 000 000 000 400 c00 800 800 a00 600 a00 600 a00 600 a00 600 a00 600 a00 600 e00 200 200 e00
q_to_label/phi^-1= 0 0 0 0 0 0 0 0 0 0 0 0 3 3 3 0 0 3 0 0 0 0 0 0 0 0 0 0 0 0 0 0
msg_out          = 00000000ff000000

----------------------------------------------------------------------------------------------------
BLOCK_VECTOR 0020 case=byte_05_ff pass=True
----------------------------------------------------------------------------------------------------
msg              = 0000000000ff0000
msg_to_label     = 0 0 0 0 0 0 0 0 0 0 0 0 0 0 0 0 0 0 3 3 3 3 0 0 0 0 0 0 0 0 0 0
enc_q            = 000 000 000 000 000 000 000 000 000 000 000 000 000 000 000 000 000 000 400 c00 400 c00 800 800 000 000 400 c00 400 c00 800 800
noise            = -14 +22 -9 +20 -12 +12 +27 -5 +4 +26 +19 -17 -11 -15 +5 -17 +25 +20 +24 -1 -7 +8 -17 +21 -8 +14 +9 -17 -24 +20 -24 +3
noisy_q          = ff2 016 ff7 014 ff4 00c 01b ffb 004 01a 013 fef ff5 ff1 005 fef 019 014 418 bff 3f9 c08 7ef 815 ff8 00e 409 bef 3e8 c14 7e8 803
BDD rounded_q    = 000 000 000 000 000 000 000 000 000 000 000 000 000 000 000 000 000 000 400 c00 400 c00 800 800 000 000 400 c00 400 c00 800 800
q_to_label/phi^-1= 0 0 0 0 0 0 0 0 0 0 0 0 0 0 0 0 0 0 3 3 3 3 0 0 0 0 0 0 0 0 0 0
msg_out          = 0000000000ff0000

----------------------------------------------------------------------------------------------------
BLOCK_VECTOR 0021 case=byte_06_ff pass=True
----------------------------------------------------------------------------------------------------
msg              = 000000000000ff00
msg_to_label     = 0 0 0 0 0 0 0 0 0 0 0 0 0 0 0 0 0 0 0 0 0 0 3 0 3 3 3 0 0 0 0 0
enc_q            = 000 000 000 000 000 000 000 000 000 000 000 000 000 000 000 000 000 000 000 000 000 000 400 c00 400 c00 800 800 400 c00 c00 400
noise            = -12 -3 +30 +23 -2 +26 -1 -12 +0 +0 -19 -3 +14 -20 +21 -9 +28 +16 -24 +20 +21 -7 +2 +6 +2 +29 -7 -24 -8 -29 -10 -31
noisy_q          = ff4 ffd 01e 017 ffe 01a fff ff4 000 000 fed ffd 00e fec 015 ff7 01c 010 fe8 014 015 ff9 402 c06 402 c1d 7f9 7e8 3f8 be3 bf6 3e1
BDD rounded_q    = 000 000 000 000 000 000 000 000 000 000 000 000 000 000 000 000 000 000 000 000 000 000 400 c00 400 c00 800 800 400 c00 c00 400
q_to_label/phi^-1= 0 0 0 0 0 0 0 0 0 0 0 0 0 0 0 0 0 0 0 0 0 0 3 0 3 3 3 0 0 0 0 0
msg_out          = 000000000000ff00

----------------------------------------------------------------------------------------------------
BLOCK_VECTOR 0022 case=byte_07_ff pass=True
----------------------------------------------------------------------------------------------------
msg              = 00000000000000ff
msg_to_label     = 0 0 0 0 0 0 0 0 0 0 0 0 0 0 0 1 0 0 0 0 0 0 0 1 0 0 0 1 3 1 1 1
enc_q            = 000 000 000 000 000 000 000 000 000 000 000 000 000 000 c00 c00 000 000 000 000 000 000 c00 c00 000 000 c00 c00 000 800 c00 400
noise            = -31 -19 -30 +0 +27 +0 +11 +17 +1 -24 +3 -1 -26 +24 -23 +2 -25 +8 -22 -12 +6 -18 +12 +25 +29 +4 -7 -1 -11 -10 -1 +16
noisy_q          = fe1 fed fe2 000 01b 000 00b 011 001 fe8 003 fff fe6 018 be9 c02 fe7 008 fea ff4 006 fee c0c c19 01d 004 bf9 bff ff5 7f6 bff 410
BDD rounded_q    = 000 000 000 000 000 000 000 000 000 000 000 000 000 000 c00 c00 000 000 000 000 000 000 c00 c00 000 000 c00 c00 000 800 c00 400
q_to_label/phi^-1= 0 0 0 0 0 0 0 0 0 0 0 0 0 0 0 1 0 0 0 0 0 0 0 1 0 0 0 1 3 1 1 1
msg_out          = 00000000000000ff

----------------------------------------------------------------------------------------------------
BLOCK_VECTOR 0023 case=walking1_bit_000 pass=True
----------------------------------------------------------------------------------------------------
msg              = 0000000000000001
msg_to_label     = 0 0 0 0 0 0 0 0 0 0 0 0 0 0 0 0 0 0 0 0 0 0 0 0 0 0 0 0 1 0 0 0
enc_q            = 000 000 000 000 000 000 000 000 000 000 000 000 000 000 000 000 000 000 000 000 000 000 000 000 000 000 000 000 c00 400 c00 400
noise            = +18 -22 -22 -30 +8 +6 -17 -11 -1 -4 -2 +5 -4 +21 +14 -8 -19 -17 -23 +27 +14 +6 +17 +18 -18 +5 -9 -22 -20 -29 -6 +29
noisy_q          = 012 fea fea fe2 008 006 fef ff5 fff ffc ffe 005 ffc 015 00e ff8 fed fef fe9 01b 00e 006 011 012 fee 005 ff7 fea bec 3e3 bfa 41d
BDD rounded_q    = 000 000 000 000 000 000 000 000 000 000 000 000 000 000 000 000 000 000 000 000 000 000 000 000 000 000 000 000 c00 400 c00 400
q_to_label/phi^-1= 0 0 0 0 0 0 0 0 0 0 0 0 0 0 0 0 0 0 0 0 0 0 0 0 0 0 0 0 1 0 0 0
msg_out          = 0000000000000001

SUMMARY total=24 pass=24 fail=0
